Mod 00000012
00000001 00000003 
00000004 00000001 

Mod 00000012
00000001 00000009 
00000004 00000001 

Mod 00000012
00000001 00000003 
00000008 00000001 

Mod 00000012
00000001 00000009 
00000008 00000001 

Mod 00000013
00000003 00000000 
00000000 00000005 

Mod 00000013
00000009 00000000 
00000000 00000005 

Mod 00000013
00000003 00000000 
00000000 00000008 

Mod 00000013
00000009 00000000 
00000000 00000008 

Mod 00000015
00000001 00000000 
00000005 00000007 

Mod 00000015
00000010 00000000 
00000005 00000007 

Mod 00000015
00000001 00000003 
00000005 00000007 

Mod 00000015
00000010 00000003 
00000005 00000007 

Mod 00000015
00000001 00000006 
00000005 00000007 

Mod 00000015
00000010 00000006 
00000005 00000007 

Mod 00000015
00000001 00000009 
00000005 00000007 

Mod 00000015
00000010 00000009 
00000005 00000007 

Mod 00000015
00000001 00000012 
00000005 00000007 

Mod 00000015
00000010 00000012 
00000005 00000007 

Mod 00000015
00000001 00000000 
00000010 00000007 

Mod 00000015
00000010 00000000 
00000010 00000007 

Mod 00000015
00000001 00000003 
00000010 00000007 

Mod 00000015
00000010 00000003 
00000010 00000007 

Mod 00000015
00000001 00000006 
00000010 00000007 

Mod 00000015
00000010 00000006 
00000010 00000007 

Mod 00000015
00000001 00000009 
00000010 00000007 

Mod 00000015
00000010 00000009 
00000010 00000007 

Mod 00000015
00000001 00000012 
00000010 00000007 

Mod 00000015
00000010 00000012 
00000010 00000007 

Mod 00000015
00000001 00000000 
00000005 00000013 

Mod 00000015
00000010 00000000 
00000005 00000013 

Mod 00000015
00000001 00000003 
00000005 00000013 

Mod 00000015
00000010 00000003 
00000005 00000013 

Mod 00000015
00000001 00000006 
00000005 00000013 

Mod 00000015
00000010 00000006 
00000005 00000013 

Mod 00000015
00000001 00000009 
00000005 00000013 

Mod 00000015
00000010 00000009 
00000005 00000013 

Mod 00000015
00000001 00000012 
00000005 00000013 

Mod 00000015
00000010 00000012 
00000005 00000013 

Mod 00000015
00000001 00000000 
00000010 00000013 

Mod 00000015
00000010 00000000 
00000010 00000013 

Mod 00000015
00000001 00000003 
00000010 00000013 

Mod 00000015
00000010 00000003 
00000010 00000013 

Mod 00000015
00000001 00000006 
00000010 00000013 

Mod 00000015
00000010 00000006 
00000010 00000013 

Mod 00000015
00000001 00000009 
00000010 00000013 

Mod 00000015
00000010 00000009 
00000010 00000013 

Mod 00000015
00000001 00000012 
00000010 00000013 

Mod 00000015
00000010 00000012 
00000010 00000013 

